$ 1 0.000005 10.20027730826997 50 5 43 5e-11
L -352 16 -496 16 0 0 false 5 0
L -352 64 -496 64 0 1 false 5 0
L -352 112 -496 112 0 1 false 5 0
L -352 160 -496 160 0 0 false 5 0
419 -224 -144 -208 -144 0 4
154 480 -320 608 -320 0 2 5 5
150 480 -208 608 -208 0 2 0 5
w -224 -144 -352 -144 0
w -352 -144 -352 16 0
w -224 -112 -320 -112 0
w -320 -112 -320 64 0
w -320 64 -336 64 0
w -336 64 -352 64 0
w -224 -80 -288 -80 0
w -288 -80 -288 112 0
w -288 112 -352 112 0
w -352 160 -256 160 0
w -256 160 -256 -48 0
w -256 -48 -224 -48 0
x 660 -328 724 -325 4 24 OUT0
x 646 -215 742 -212 4 24 CARRY0
154 480 -48 608 -48 0 2 5 5
154 640 -32 768 -32 0 2 5 5
150 480 112 608 112 0 2 0 5
150 640 64 768 64 0 2 0 5
152 784 96 944 96 0 2 0 5
w 768 64 784 80 0
w 608 112 784 112 0
w 608 -48 640 -48 0
w 608 -48 608 48 0
w 608 48 640 48 0
w 640 -16 640 80 0
w 640 80 640 160 0
w 640 160 416 160 0
w 480 128 464 128 0
w 464 128 464 -32 0
w 480 -32 464 -32 0
w 496 96 448 96 0
w 480 -64 448 -64 0
w 448 96 432 96 0
w 432 96 432 -64 0
w 432 -64 448 -64 0
w 480 96 496 96 0
w 432 -64 400 -64 0
w 464 128 384 128 0
w 400 -64 384 -64 0
w 416 160 384 160 0
w 768 -32 896 -32 0
x 828 -40 892 -37 4 24 OUT1
x 810 150 906 153 4 24 CARRY1
w 608 -320 720 -320 0
w 608 -208 720 -208 0
w 720 -208 800 -208 0
w 800 -208 800 -144 0
w 800 -144 352 -144 0
w 288 -144 288 160 0
w 352 160 384 160 0
x 304 186 400 189 4 24 CARRY0
w -256 352 -224 352 0
w -256 560 -256 352 0
w -352 560 -256 560 0
w -288 512 -352 512 0
w -288 320 -288 512 0
w -224 320 -288 320 0
w -336 464 -352 464 0
w -320 464 -336 464 0
w -320 288 -320 464 0
w -224 288 -320 288 0
w -352 256 -352 416 0
w -224 256 -352 256 0
419 -224 256 -208 256 0 4
L -352 560 -496 560 0 1 false 5 0
L -352 512 -496 512 0 0 false 5 0
L -352 464 -496 464 0 1 false 5 0
L -352 416 -496 416 0 0 false 5 0
w -256 160 -48 160 0
w -48 160 -48 -336 0
w 480 -336 448 -336 0
w 448 -336 448 -224 0
w 448 -224 480 -224 0
w 480 -192 416 -192 0
w 416 -192 416 -304 0
w 416 -304 480 -304 0
w 448 -336 -48 -336 0
w 416 -192 -16 -192 0
w -256 560 -16 560 0
w -16 560 -16 -192 0
x 346 -345 399 -342 4 24 AIN0
x 348 -199 401 -196 4 24 BIN0
w 352 -144 288 -144 0
w 288 160 352 160 0
x -178 -172 -138 -169 4 24 AIN
x -178 226 -138 229 4 24 BIN
x 352 117 405 120 4 24 BIN1
x 349 -74 402 -71 4 24 AIN1
x 349 326 402 329 4 24 AIN2
x 352 517 405 520 4 24 BIN2
w 288 560 352 560 0
x 299 586 395 589 4 24 CARRY1
w 352 560 384 560 0
x 786 551 882 554 4 24 CARRY2
x 829 361 893 364 4 24 OUT2
w 768 368 896 368 0
w 416 560 384 560 0
w 400 336 384 336 0
w 464 528 384 528 0
w 432 336 400 336 0
w 480 496 496 496 0
w 432 336 448 336 0
w 432 496 432 336 0
w 448 496 432 496 0
w 480 336 448 336 0
w 496 496 448 496 0
w 480 368 464 368 0
w 464 528 464 368 0
w 480 528 464 528 0
w 640 560 416 560 0
w 640 480 640 560 0
w 640 384 640 480 0
w 608 448 640 448 0
w 608 352 608 448 0
w 608 352 640 352 0
w 608 512 784 512 0
w 768 464 784 480 0
152 784 496 896 496 0 2 5 5
150 640 464 768 464 0 2 0 5
150 480 512 608 512 0 2 5 5
154 640 368 768 368 0 2 0 5
154 480 352 608 352 0 2 0 5
x 351 713 404 716 4 24 AIN3
x 352 901 405 904 4 24 BIN3
w 288 944 352 944 0
x 306 968 402 971 4 24 CARRY2
w 352 944 384 944 0
x 791 935 887 938 4 24 CARRY3
x 829 745 893 748 4 24 OUT3
w 768 752 896 752 0
w 416 944 384 944 0
w 400 720 384 720 0
w 464 912 384 912 0
w 432 720 400 720 0
w 480 880 496 880 0
w 432 720 448 720 0
w 432 880 432 720 0
w 448 880 432 880 0
w 480 720 448 720 0
w 496 880 448 880 0
w 480 752 464 752 0
w 464 912 464 752 0
w 480 912 464 912 0
w 640 944 416 944 0
w 640 864 640 944 0
w 640 768 640 864 0
w 608 832 640 832 0
w 608 736 608 832 0
w 608 736 640 736 0
w 608 896 784 896 0
w 768 848 784 864 0
152 784 880 896 880 0 2 0 5
150 640 848 768 848 0 2 0 5
150 480 896 608 896 0 2 0 5
154 640 752 768 752 0 2 5 5
154 480 736 608 736 0 2 0 5
w 944 96 944 240 0
w 944 240 288 240 0
w 288 240 288 560 0
w 896 496 944 496 0
w 944 496 944 640 0
w 944 640 288 640 0
w 288 640 288 944 0
w -288 112 16 112 0
w 16 112 16 -64 0
w 16 -64 384 -64 0
w -288 512 16 512 0
w 16 512 48 512 0
w 48 512 48 128 0
w 48 128 384 128 0
w -320 64 80 64 0
w 80 64 80 336 0
w 80 336 384 336 0
w -320 464 80 464 0
w 80 464 112 464 0
w 112 464 112 528 0
w 112 528 384 528 0
w -352 16 144 16 0
w 144 16 144 720 0
w 144 720 384 720 0
w -352 416 176 416 0
w 176 416 176 912 0
w 176 912 384 912 0
419 1216 208 1232 208 0 5
x 1255 184 1305 187 4 24 OUT
w 720 -320 1008 -320 0
w 1008 -320 1008 336 0
w 1008 336 1216 336 0
w 896 -32 1040 -32 0
w 1040 -32 1040 304 0
w 1040 304 1216 304 0
w 896 368 1072 368 0
w 1072 368 1072 272 0
w 1072 272 1200 272 0
w 1200 272 1216 272 0
w 1216 240 1104 240 0
w 1104 240 1104 752 0
w 1104 752 896 752 0
w 896 880 1136 880 0
w 1136 880 1136 208 0
w 1136 208 1216 208 0
